1 2 649.490084 63.500002 649.485490 39.499811 
2 2 574.474032 52.499972 574.465279 60.501056 
3 2 782.428837 63.511400 782.564125 52.488514 
4 2 668.735517 695.492743 668.612036 708.501063 
5 2 688.478630 63.500000 688.478615 39.499999 
6 2 745.498718 694.340871 755.506124 694.260264 
9 10 782.496331 694.292925 788.500830 694.320712 788.761208 694.259475 793.315463 698.689704 793.091552 699.456689 792.440155 705.599693 793.992853 705.054774 788.219238 710.183964 787.504511 709.887767 781.482059 709.957829 
10 2 781.308233 708.500103 781.301232 695.499569 
11 2 631.306188 708.500062 631.302013 695.499742 
16 2 783.666529 697.499951 783.669167 706.499950 
18 2 835.500192 38.526745 847.506761 38.440430 
19 2 805.500157 57.519119 795.500003 57.520663 
20 2 571.500179 38.525432 583.506608 38.441137 
21 2 666.500002 38.507603 683.500254 38.503293 
23 2 583.536593 41.697871 575.462157 41.329515 
24 2 847.521951 41.569747 839.479236 41.379968 
28 2 650.499999 38.499220 661.501055 38.487468 
30 2 818.526503 42.500280 818.431305 51.509840 
33 2 818.354853 55.467562 818.660862 63.531842 
37 2 704.335152 126.512297 704.482574 116.499743 
39 2 666.577518 704.497638 666.302613 695.475544 
42 2 629.330732 59.071033 636.714170 38.945440 
43 2 651.297212 705.501160 651.239976 695.495767 
44 2 709.388035 63.500174 709.350730 39.497124 
45 2 575.450560 61.492593 583.529255 61.096116 
46 2 839.450232 61.493494 847.529372 61.094010 
47 2 654.468919 61.450431 661.521960 61.241570 
48 2 638.304782 42.790124 630.595870 64.174061 
49 2 615.333600 63.500055 615.325697 39.499399 
50 2 570.636016 63.500323 570.642832 39.500041 
51 2 728.165528 708.507017 728.220329 695.498822 
52 10 653.592267 695.496288 653.547282 706.496104 653.439908 706.447248 649.655287 710.758465 649.534656 709.941131 645.469970 709.850767 644.929628 710.115837 641.609155 706.402396 641.721338 706.500904 641.729480 695.500170 
53 2 802.443843 37.880174 811.761635 63.765782 
54 2 653.380849 42.494950 653.125205 48.526499 
55 2 653.215569 52.486304 653.369005 60.502507 
56 4 853.876452 707.646372 859.261701 693.796165 852.753212 709.411342 849.306634 699.567704 
57 2 860.132783 708.556280 860.479434 698.499291 
58 2 786.325625 39.500076 786.336059 63.500506 
59 2 797.499736 54.669088 803.501284 54.678470 
60 2 862.475306 695.500162 862.560714 708.506168 
62 2 834.677054 63.500559 834.688444 39.500089 
65 2 692.301940 42.494175 692.094515 49.546896 
66 2 728.137989 126.508749 728.247868 118.496542 
68 2 703.870158 695.487041 703.790525 705.502310 
69 2 692.185184 53.461637 692.414271 63.524717 
70 2 673.219623 63.508923 673.328672 42.493922 
71 2 621.579914 38.837944 628.646974 58.078721 
73 2 730.380129 118.472713 730.660811 127.526018 
75 2 580.529006 696.508852 576.364899 710.153589 
78 10 748.254864 47.527698 748.334260 42.497384 748.229035 42.441856 753.917198 38.038987 754.489570 38.532637 757.509463 38.563140 758.005758 38.321544 761.826237 40.619949 759.185216 55.948332 747.855591 47.993549 
80 2 768.222008 63.501472 768.242525 39.499780 
81 10 701.475796 706.509673 701.584920 695.500842 705.351075 710.759855 701.583387 706.427481 709.501558 709.906313 705.493947 709.921683 713.291290 706.462518 709.617560 710.742568 713.437477 695.494865 713.384295 706.499441 
83 2 814.739516 63.499941 814.733574 39.499695 
84 2 789.816686 62.977415 798.990069 37.677693 
85 2 583.519014 546.045737 532.488514 545.378544 
87 2 583.494980 64.309977 571.495193 64.360600 
89 2 847.499869 64.338108 835.499066 64.347833 
91 2 278.493993 525.103159 324.499389 525.561351 
92 2 661.506859 64.274906 650.490019 64.372420 
96 2 573.805390 235.478198 573.187452 283.508844 
102 2 799.784812 43.586684 796.744946 53.574551 
103 2 518.483877 527.830301 565.513328 528.400294 
105 2 582.492165 226.331551 532.515447 225.860640 
113 2 713.191190 39.500149 713.202780 63.500626 
115 2 601.460549 696.488012 597.312378 710.139116 
120 2 310.496752 542.844038 260.510649 542.372085 
122 2 273.251881 528.524381 273.906630 481.477825 
123 2 321.497083 529.759466 274.503023 529.231092 
124 2 711.112860 705.503438 711.023908 695.486468 
125 2 751.424685 116.494302 751.366401 127.493993 
126 2 751.298069 697.488020 751.463605 708.515557 
128 2 781.500412 51.991235 773.499579 51.997948 
129 2 642.851396 39.498967 642.921981 63.504640 
130 2 863.994666 56.209030 852.065302 47.706830 
131 2 689.499868 694.314340 700.500030 694.316119 
132 2 749.210176 127.499164 749.204798 116.499167 
133 2 749.005535 708.517509 749.133716 697.495740 
134 2 618.815857 43.466996 619.319070 63.529620 
138 2 570.850352 484.502691 570.489340 531.499918 
139 2 585.701428 710.184614 582.069819 696.350417 
140 2 606.435458 709.247056 602.703430 695.444993 
141 2 529.476674 541.109209 578.524350 541.820177 
142 2 723.510272 122.168317 716.496559 122.276122 
144 2 564.733280 709.433427 560.662330 695.168297 
146 2 625.925495 60.705365 620.808208 46.389827 
147 2 755.677937 127.496866 755.630042 109.496993 
149 2 695.294081 697.496473 695.342982 708.505140 
150 2 758.039077 109.495505 757.983697 127.495335 
151 2 569.087811 287.521726 569.731546 240.475802 
152 2 845.939901 708.504512 845.980659 695.498373 
153 2 717.689359 708.503975 717.732831 695.497436 
154 2 537.503920 221.993254 586.493253 222.372206 
155 2 276.173759 280.497252 276.569661 233.500587 
156 2 277.956801 477.481338 277.388061 524.510740 
157 2 692.928170 709.521687 693.110809 697.494090 
158 2 267.416145 223.499153 266.921050 272.494150 
159 2 656.884432 708.505427 656.935417 695.497787 
160 2 277.478958 232.207062 324.521116 232.786913 
161 2 638.806516 63.549611 639.569189 43.464655 
162 2 317.514226 223.448709 268.482608 222.785201 
163 2 523.384638 224.657398 524.768269 234.462142 
164 2 569.528421 532.635229 522.478386 531.918145 
165 2 677.011710 42.489835 677.153047 63.509057 
166 2 579.466858 540.499631 580.001695 492.505591 
167 2 587.219228 223.483084 586.571659 272.514154 
168 2 622.550933 696.202401 618.195869 710.091064 
169 2 644.041869 695.486941 643.952155 705.504050 
170 2 264.512396 538.228755 313.488237 538.706316 
172 2 659.858043 693.836224 665.866420 705.308088 
173 2 698.116336 118.492075 698.193634 124.503939 
174 2 568.499106 239.574493 522.493731 239.022287 
176 2 328.520070 236.910418 281.477065 236.316447 
177 2 566.455444 527.499496 566.986723 480.516812 
178 2 772.161914 39.452525 771.839224 48.547516 
179 2 555.490493 49.884244 563.519459 49.760275 
180 2 771.808103 52.445284 772.272653 63.551338 
181 2 263.024155 268.488025 263.421577 219.507478 
182 2 280.643275 237.501697 280.098306 283.507087 
183 2 525.502946 235.129806 572.492012 235.503760 
184 2 259.849056 541.516266 260.440231 492.487222 
185 2 584.009489 495.503804 583.636247 545.493551 
186 2 839.472866 49.019375 845.566357 48.675357 
187 2 264.483478 218.785305 313.513940 219.415572 
188 2 582.364662 276.526382 583.058602 227.479606 
189 2 654.481766 48.975226 660.543940 48.764585 
190 2 773.499821 48.899647 781.500118 48.897266 
191 2 264.572457 488.470005 263.809169 537.520372 
192 2 658.820772 698.482915 659.357546 708.560850 
193 2 678.272059 116.466462 677.997651 126.513592 
194 2 6.500000 732.407667 1406.500000 732.407900 
195 2 696.032473 126.461903 695.376547 117.294190 
196 2 575.472813 49.016900 581.566067 48.673999 
197 2 676.012840 123.510965 675.854352 116.469516 
198 2 1155.309696 462.466421 1146.932647 452.148729 
199 2 847.643465 698.489395 848.463060 709.576653 
200 2 560.365147 59.504603 560.340793 53.500646 
201 2 273.400335 480.132800 263.488703 478.571731 
203 2 1158.875634 299.012490 1150.333821 305.273276 
204 2 6.713466 5.500000 6.712804 731.500000 
205 2 1406.289998 731.500000 1406.289381 5.500000 
206 2 1175.123893 478.795466 1183.573026 481.248469 
207 2 1405.500000 737.038373 7.500000 737.038467 
208 2 3.868947 736.500048 3.812975 6.499899 
209 2 1409.626633 732.593888 1406.046650 737.422463 
210 2 1409.152755 6.500000 1409.152823 732.500000 
