7 760.950556 693.935565 760.467625 694.072286 762.984408 701.657488 8.012534 7.122516 -1.437719 4.454851 4.392017 
8 752.594541 46.580226 746.099625 61.761631 752.341009 55.877532 10.044698 8.000511 0.385596 4.739652 2.385652 
12 826.968675 707.933389 828.082027 696.899200 822.109542 701.678118 7.937726 6.254112 -1.488616 0.910359 5.608349 
13 798.953020 693.927995 798.502646 693.490637 800.996537 701.665770 8.001221 7.121530 -1.433850 4.454188 4.416298 
14 743.491385 123.364810 743.927469 123.005040 739.733140 121.143194 4.354043 4.354043 -0.000000 0.533873 0.417766 
15 657.008150 125.176295 657.801844 124.891802 654.677511 118.779431 6.815258 5.765339 -1.535221 1.221403 1.098269 
17 735.725784 61.358041 734.976138 44.001374 727.790559 50.826430 13.114407 10.761314 -1.512070 0.925080 5.523514 
22 814.999998 37.997368 818.866523 53.962119 819.181056 46.178378 10.991983 8.410155 -0.054140 4.239926 1.611183 
25 783.999427 696.112431 783.012352 706.492651 785.562705 701.693030 5.738326 5.078746 -1.553782 4.439262 2.059220 
26 564.882253 61.565500 563.685915 40.659454 555.160525 50.883593 13.096099 12.844660 -1.406032 0.832423 5.407432 
27 595.909777 37.773494 595.519077 37.836438 598.667380 50.897184 13.310965 11.765473 -1.499027 4.505278 4.475851 
29 688.955086 37.818147 699.403102 51.412964 683.764994 49.817182 20.741816 10.133929 -0.360329 5.120631 0.101692 
31 593.353259 42.732355 592.625368 42.926419 598.669456 50.912075 10.284379 7.907699 -1.542338 4.136067 4.064507 
32 737.627257 115.020114 735.931612 115.573424 739.696269 121.198310 6.560417 6.560417 -0.000000 4.389239 4.122575 
34 838.160685 696.892028 837.055512 696.284734 835.187926 701.638327 5.775366 4.859425 -1.469707 5.271946 5.048036 
35 818.926781 40.874396 818.944656 51.402166 820.649249 46.106048 5.396647 5.396647 -0.000000 4.394327 1.882183 
36 734.561811 58.047514 734.657383 43.944100 728.858866 50.913072 9.952618 8.242599 -1.547791 0.896449 5.406368 
38 658.106460 127.174664 660.999508 123.999532 654.712433 118.750084 9.016764 7.974570 -1.561655 1.187817 0.695697 
40 832.931604 694.001200 832.456370 694.116300 835.164176 701.651543 8.006580 7.068263 -1.444204 4.428448 4.367407 
41 723.639557 126.218294 724.560649 118.383827 718.551811 121.175434 6.516453 6.212229 -1.102438 0.780967 5.848270 
61 988.484083 464.394819 988.701250 293.194360 946.050835 378.632409 95.314330 95.314330 -0.000000 1.111336 5.175394 
63 1175.653832 478.663215 973.204260 479.801397 1074.593779 506.649407 104.111777 104.111777 -0.000000 6.013029 3.400452 
64 973.302046 278.296687 1175.511260 277.253971 1074.607424 250.525102 104.095216 104.048375 0.260416 2.874029 0.258947 
67 766.916966 705.734910 765.065545 696.329154 763.394283 701.666802 5.625888 5.625888 -0.000000 0.857128 5.015828 
72 1160.458174 294.081001 1159.532168 462.881909 1203.178578 378.597453 95.283922 95.283922 -0.000000 4.244376 2.048619 
74 803.771002 696.116608 803.066978 696.339024 800.974554 701.617668 5.799189 4.895475 -1.446180 5.182692 5.089783 
76 851.986052 47.103694 865.527689 39.870712 859.361582 44.408742 7.507693 6.477712 -0.273307 2.791273 5.648728 
77 1161.146715 465.296067 988.050720 464.423565 1074.608675 506.540013 95.506587 95.506587 -0.000000 5.838433 3.594438 
79 559.965939 59.859171 562.556603 44.270888 555.353652 50.958683 10.109245 9.279354 -1.468766 1.092690 5.534856 
82 968.420722 272.157127 1181.057854 272.135795 1074.569323 250.495856 108.076481 107.976886 0.006854 2.940291 0.200484 
86 968.065166 485.148424 967.997125 271.596544 945.898813 378.608145 107.822494 107.822494 -0.000000 1.365667 4.916030 
88 867.156159 53.800993 850.243081 61.518809 858.109405 56.491712 8.772932 7.678627 -0.133439 5.994094 2.572943 
90 1219.968549 486.237185 1180.942927 485.245113 1204.054833 359.136184 127.094130 127.094130 -0.000000 1.446239 1.752054 
93 994.742956 297.457597 1145.895666 305.904590 1074.560686 250.634960 91.531677 91.531677 -0.000000 2.611070 0.659179 
94 1182.084837 484.043462 968.320154 484.862114 1074.592167 506.945367 108.025595 107.681046 -0.006621 6.073268 3.346476 
95 314.024555 218.705308 536.519594 221.417053 424.544876 246.011945 113.890453 113.890453 0.000000 3.383815 6.066972 
97 1001.989794 451.786674 1002.764742 306.853369 946.076721 378.605402 91.387787 91.387787 -0.000000 0.918373 5.381036 
98 1158.262382 297.853144 1151.321765 454.205067 1202.755899 378.589778 92.007352 91.251521 0.021134 4.208706 2.168115 
99 582.053097 274.584889 579.385152 491.406459 559.247415 383.395061 109.538962 109.538962 0.000000 4.918990 1.386472 
100 1180.874002 272.991314 1220.158854 486.430158 1203.399393 378.634634 107.762565 107.762565 -0.000000 4.502314 1.416557 
101 586.486156 272.649376 583.693181 494.969542 559.095344 383.382161 113.776652 113.776652 0.000000 4.954881 1.353831 
104 327.350902 236.200888 520.961964 237.823339 424.502085 244.778250 96.157063 95.222152 -0.073365 3.229653 6.211208 
106 259.594055 491.106975 263.026232 267.687112 286.923522 380.311159 113.779356 113.779356 -0.000000 1.812634 4.503304 
107 1155.178946 461.573866 996.748156 457.878003 1074.584636 506.496563 91.729368 91.473143 1.492175 5.774684 3.699922 
108 1175.658664 278.230969 1182.952723 481.438601 1203.426848 378.653147 103.796433 103.796433 -0.000000 4.442615 1.767416 
109 263.761084 487.756498 265.882960 271.260183 286.698028 380.306280 109.480367 109.480367 0.000000 1.781106 4.523775 
110 518.064676 528.553519 510.409060 557.109665 412.977698 515.552598 105.257077 105.257077 -0.000000 0.123090 0.403163 
111 973.222630 480.232336 973.349304 278.182521 945.933151 378.649360 104.016312 103.782809 0.113448 1.308350 4.978790 
112 521.782340 531.520196 321.087726 530.245855 421.426379 517.843654 100.545668 100.545668 -0.000000 0.135446 3.018613 
114 237.504195 291.481457 274.480435 279.408688 290.728975 392.814481 113.416159 113.416159 0.000000 4.228749 4.570080 
116 276.618092 477.273853 278.395363 283.547441 285.533185 380.376256 96.009807 94.965005 1.483892 1.662543 4.638806 
117 510.322874 557.207649 324.599817 526.349293 421.364773 517.958332 96.318907 96.318907 -0.000000 0.415521 3.055094 
118 574.219393 283.309457 570.915044 484.685822 559.223646 383.353454 100.440727 100.440727 -0.000000 4.861173 1.455927 
119 324.428407 230.822605 524.191189 223.915453 424.576274 243.581202 100.005945 98.035913 0.006866 3.268308 6.088274 
121 988.228100 293.521943 1163.320250 288.293659 1074.596326 250.748266 95.652514 95.491518 1.529525 2.681754 0.400320 
127 569.346316 286.734035 566.919345 481.012219 559.310627 383.418540 96.255236 96.255236 -0.000000 4.815817 1.492990 
135 530.246537 540.980695 313.087421 537.575197 421.437001 519.780335 109.103496 107.581904 0.014662 0.192428 2.978810 
136 317.193233 222.469264 532.839643 225.416773 424.550029 245.748924 109.576169 109.576169 0.000000 3.355131 6.097589 
137 268.641083 481.798608 237.937672 292.438341 283.503365 380.432665 99.589946 96.890812 1.544977 1.716379 4.234583 
143 325.521663 581.204246 309.485014 543.646885 433.304702 513.010031 126.431128 126.431128 -0.000000 2.577476 2.899033 
145 691.430382 41.499063 692.989722 49.403178 694.607539 45.161178 5.129151 4.508781 0.043297 3.997780 1.935149 
148 529.302537 556.625377 325.940971 581.052961 421.550740 517.425229 114.134003 114.134003 0.000000 0.348916 2.554402 
171 531.806596 545.226850 528.719784 556.202435 407.594813 518.074516 126.768290 126.768290 0.000000 0.215212 0.304962 
175 563.595442 50.002353 563.659457 61.007797 490.228212 53.394420 73.450020 73.450020 0.000000 6.236984 0.103311 
202 758.555423 55.889041 747.661454 59.183005 751.805075 55.530974 7.178993 4.859129 0.500780 0.052995 2.419171 
211 4.065946 734.988626 2.136869 723.803919 61.260440 726.564762 57.425993 57.425993 -0.000000 2.995359 3.188255 
