16.267,162.92,19.975,15.437,-1.0925
10.764,214.89,20.29,16.235,-1.1468
6.5385,268.51,20.652,17.215,-1.2444
4.9991,323.33,20.606,17.113,-1.4056
5.3211,323.15,6.4651,4.822,-1.5437
4.7688,378.56,20.618,17.423,1.5522
5.6321,378.67,6.5223,5.0282,-1.5438
6.4386,433.91,20.706,17.382,1.3727
10.492,488.57,20.69,16.645,1.2425
1019.6,270.21,11.575,5.6264,1.444
1021.4,305.2,11.663,5.5528,1.4947
1022,304.98,5.1175,2.9855,1.5275
1022.6,340.46,11.504,5.6651,1.5062
1022.3,375.76,11.186,4.8442,1.5667
1022.5,411.36,11.449,5.5667,-1.5312
1022.2,446.44,11.558,6.164,-1.5017
1022.4,446.54,5.5637,2.5206,-1.5248
1017.1,235.65,11.587,5.9031,1.3961
379.58,156.54,17.951,17.434,0.034854
61.598,159.35,20.311,16.473,-1.0068
433.13,158.7,17.804,16.953,0.45179
485.64,161.32,17.554,16.519,0.66974
536.42,164.57,17.322,15.942,0.81169
585.5,168.49,17.074,15.266,0.9385
61.363,159.23,6.2412,5.2911,-1.1024
632.26,172.49,16.764,14.496,0.92675
15.898,162.89,4.6901,6.3163,0.45676
676.54,176.95,16.424,13.57,1.0423
718.31,181.55,16.077,12.846,1.1073
757.36,186.38,15.519,11.992,1.1549
793.92,191.23,15.06,11.243,1.1603
378.28,209.42,18.276,17.929,0.085802
56.765,211.9,20.588,17.193,-1.1386
432.61,210.97,18.155,17.553,0.73232
485.79,212.87,17.915,16.994,0.86697
537.35,215.36,17.638,16.385,1.032
586.92,218.13,17.343,15.733,1.0478
634.2,221.31,17.048,14.955,1.0979
56.57,211.84,6.2029,5.4995,-1.3271
678.9,224.65,16.685,14.013,1.1818
10.689,214.68,6.2348,5.12,-1.3426
720.98,228.11,16.237,13.138,1.2386
977.34,227.35,12.205,7.0525,1.3452
760.24,231.78,15.783,12.297,1.2473
796.91,235.37,15.198,11.539,1.2655
998.11,231.62,11.765,6.5486,1.3572
977.45,227.4,5.9974,3.29,1.3371
998.05,231.45,5.5286,2.9344,1.3759
1017.4,235.56,5.2443,2.5734,1.4414
53.412,266.3,20.814,17.497,-1.2724
377.49,264.12,18.502,18.41,1.1835
432.38,265.05,18.418,17.885,1.0321
486.08,266.15,18.263,17.453,1.1519
538.05,267.73,17.824,16.887,1.1652
588.12,269.52,17.652,16.004,1.2301
980.08,263.94,12.325,6.9971,1.4211
635.62,271.43,17.048,15.239,1.2386
1000.8,267.08,11.878,6.7112,1.417
680.54,273.6,16.769,14.479,1.324
980.34,263.96,5.8762,3.3351,1.3442
53.335,265.92,6.4324,5.5081,-1.203
722.89,275.89,16.254,13.589,1.31
1000.9,266.86,5.5095,3.0093,1.4252
7.0739,268.2,6.4792,5.255,-1.4751
762.36,278.21,15.857,12.564,1.3574
799.22,280.55,15.506,11.667,1.3734
1020.1,270.34,5.1383,2.5859,1.4417
982.09,301.07,12.364,7.1075,1.469
1002.8,303.11,11.92,6.7138,1.4601
982.28,301.05,5.8312,3.3563,1.4261
1003,302.86,5.6748,3.0812,1.4675
51.804,321.77,20.977,17.894,-1.4343
377.25,320.07,18.843,18.459,1.5075
432.42,320.28,18.616,18.214,1.2763
486.34,320.69,18.395,17.65,1.3742
538.75,321.19,18.084,17.029,1.3114
588.87,321.82,17.706,16.182,1.3998
636.66,322.73,17.181,15.418,1.4087
681.81,323.56,16.838,14.58,1.3877
724.24,324.47,16.419,13.593,1.4311
763.9,325.39,15.945,12.849,1.4471
800.8,326.3,15.496,11.887,1.4689
51.534,321.66,6.6793,5.4595,-1.4756
983.45,338.35,12.32,7.2222,1.5069
1004.1,339.3,11.936,6.7119,1.5179
983.51,338.58,5.6822,3.4479,1.4695
1004.1,339.52,5.664,3.0791,1.5181
51.792,377.91,21.116,18.02,1.5478
486.78,375.7,18.422,17.804,1.5107
539.11,375.24,18.13,17.091,1.5044
589.38,374.73,17.679,16.363,1.5376
637.29,374.27,17.285,15.559,1.5288
682.46,373.87,16.859,14.607,-1.5679
725.03,373.41,16.452,13.825,1.5539
764.79,372.98,15.974,12.859,1.5577
801.53,372.51,15.568,11.712,1.5635
377.37,376.63,18.928,18.575,1.5437
432.72,376.26,18.684,18.229,1.5605
983.92,376.14,12.458,7.1705,-1.5564
1004.4,375.96,12.044,6.6668,-1.565
984.04,376.28,5.9605,3.1741,1.543
1004.7,375.9,5.8158,3.0107,1.5642
51.529,377.88,6.766,5.5364,-1.5622
1004.3,412.39,12.138,6.584,-1.5046
983.75,413.73,12.52,7.0948,-1.5206
801.75,418.73,15.423,11.82,-1.491
764.96,420.54,15.88,12.792,-1.4414
725.31,422.35,16.409,13.668,-1.4669
682.77,424.15,16.888,14.514,-1.4256
1004.1,412.39,5.6488,3.0344,-1.5445
983.83,413.73,6.0362,3.2841,-1.4992
637.59,425.95,17.261,15.469,-1.4295
589.83,427.67,17.699,16.213,-1.4141
539.66,429.24,18.073,17.013,-1.4087
487.32,430.75,18.392,17.682,-1.3877
53.576,434.02,21.075,17.865,1.3963
433.36,432.07,18.627,18.242,-1.4608
378.16,433.11,18.857,18.506,-1.5526
53.267,434.18,6.7006,5.5786,1.3926
6.7654,434.09,6.3605,5.2091,1.3786
1003.3,448.69,12.098,6.5659,-1.4612
982.67,451.25,12.491,7.1096,-1.4391
1003.3,448.68,5.5916,2.9213,-1.5165
982.64,451.4,5.6138,3.3966,-1.4143
800.93,464.57,15.336,11.735,-1.3609
764.24,467.71,15.816,12.516,-1.3622
724.54,470.95,16.305,13.431,-1.3273
682.39,474.11,16.662,14.436,-1.3067
637.44,477.07,17.153,15.31,-1.2494
589.89,480.06,17.534,16.003,-1.2033
539.96,482.63,17.877,16.825,-1.1242
488.04,485.12,18.171,17.499,-1.1672
56.968,489.56,20.912,17.622,1.2404
434.22,487.23,18.314,17.971,-1.085
379.45,488.93,18.495,18.4,0.29056
10.478,488.75,6.3754,5.3589,1.2316
56.82,489.68,6.5287,5.5833,1.2247
