559.83,141.15,23.946,22.537,0.16586
630.71,141.05,23.691,22.014,0.49754
488.2,142.5,23.95,22.62,-0.17122
699.61,142.45,23.527,21.319,0.73143
417.39,145.35,23.765,22.174,-0.47277
765.56,145,23.142,20.216,0.86867
348.52,149.37,23.473,21.358,-0.71266
827.66,148.69,22.659,18.857,0.99974
559.79,140.84,11.644,11.018,0.16269
630.77,140.83,11.47,10.8,0.6017
488.35,142.23,11.691,10.988,-0.15183
699.84,142.22,11.571,10.379,0.75219
282.67,154.53,22.91,20.323,-0.85456
417.38,145.05,11.603,10.763,-0.45712
765.67,144.75,11.292,9.7302,0.88191
348.48,149.14,11.412,10.371,-0.82947
827.81,148.53,11.009,9.2562,1.0101
220.76,160.59,22.477,18.998,-1.0048
282.6,154.37,11.222,9.902,-0.86987
220.67,160.41,10.974,9.2826,-1.0278
633.75,209.92,24.17,23.124,0.70401
561.88,210.35,24.236,23.558,0.32497
703.65,210.6,23.963,22.337,0.94324
489.16,211.7,24.337,23.588,-0.16787
770.36,212.08,23.484,21.096,1.0796
417.32,214.13,24.086,23.195,-0.66005
833.01,214.34,22.984,19.629,1.1664
347.5,217.33,23.734,22.346,-0.96979
280.85,221.37,23.317,21.212,-1.0668
633.91,209.68,11.734,11.275,0.95527
561.86,210.19,11.866,11.414,0.05633
703.78,210.35,11.718,10.804,0.96394
489.33,211.48,11.746,11.544,-0.32094
770.48,211.89,11.441,10.235,1.0725
417.34,213.92,11.666,11.197,-0.46183
833.33,214.21,11.216,9.4921,1.2214
218.23,226.06,22.686,19.791,-1.1827
347.57,217.13,11.402,10.933,-0.94036
280.68,221.12,11.376,10.184,-1.132
218.1,225.74,11.01,9.5909,-1.1811
636.16,281.34,24.389,23.715,1.0761
706.62,281.15,24.116,22.853,1.2627
563.67,282.11,24.456,24.196,0.72419
773.72,281.48,23.728,21.62,1.2689
490.35,283.46,24.482,24.376,-0.31791
836.76,282.16,23.155,20.062,1.347
417.94,285.35,24.259,23.854,-0.93183
347.63,287.69,23.942,22.959,-1.2373
280.4,290.47,23.559,21.677,-1.3437
636.27,281.37,11.842,11.603,1.2479
706.76,281.07,11.74,11.126,1.2852
563.75,282,11.949,11.891,0.84664
773.95,281.41,11.557,10.45,1.2924
217.39,293.5,22.881,20.265,-1.354
836.91,282.11,11.173,9.9149,1.3789
490.41,283.39,11.804,11.719,1.1433
418.03,285.23,11.737,11.612,-1.0614
347.63,287.56,11.658,11.111,-1.3511
280.33,290.37,11.411,10.536,-1.3624
217.34,293.31,11.157,9.7085,-1.3969
775.44,352.01,23.743,21.731,1.5593
838.55,351.11,23.111,20.32,-1.567
708.18,352.98,24.132,23.017,1.5687
637.71,354.05,24.318,24.005,1.4257
565.11,355.24,24.552,24.412,1.4782
491.61,356.55,24.597,24.425,0.9293
419.01,357.85,24.242,24.037,1.3638
348.65,359.25,24.001,23.052,1.4569
281.31,360.64,23.588,21.795,1.5172
218.12,362.06,23.032,20.408,1.5265
775.55,351.83,11.472,10.64,1.5515
838.68,351.02,11.128,9.8685,1.5626
708.36,352.9,11.853,11.263,1.5517
637.76,353.94,11.954,11.684,1.4121
565.06,355.13,12.033,11.832,1.037
491.66,356.46,11.965,11.785,-0.44827
419.1,357.78,11.889,11.626,1.3604
348.61,359.28,11.684,11.119,1.5318
281.26,360.57,11.576,10.569,1.5414
218,361.95,11.138,9.9281,-1.5306
838.5,419.97,23.084,20.109,-1.3749
775.55,422.47,23.625,21.541,-1.3451
708.6,424.66,23.971,22.835,-1.3011
638.42,426.67,24.278,23.693,-1.1057
566.19,428.17,24.384,24.165,-0.48253
493.12,429.48,24.438,24.156,0.44179
420.84,430.23,24.217,23.766,0.79534
283.64,430.65,23.475,21.664,1.2405
350.64,430.63,23.85,22.901,1.1187
220.59,430.35,22.864,20.23,1.3013
838.66,419.93,11.287,9.791,-1.3302
775.82,422.44,11.604,10.407,-1.3649
708.8,424.54,11.705,11.11,-1.3411
638.44,426.56,11.796,11.592,-1.1262
566.23,428.28,11.869,11.752,-1.3363
493.19,429.48,11.836,11.791,-0.19696
220.39,430.26,11.141,9.7015,1.3137
283.47,430.7,11.478,10.533,1.3139
350.64,430.58,11.663,11.077,1.2675
420.78,430.27,11.818,11.544,0.97439
836.62,487.56,22.847,19.521,-1.18
774.24,491.49,23.281,20.948,-1.0593
707.92,495,23.72,22.204,-0.94735
638.43,497.71,23.913,23.058,-0.67734
224.66,497.39,22.775,19.578,1.1241
566.95,499.7,24.052,23.435,-0.23243
287.29,499.35,23.232,21.043,1.0199
353.72,500.61,23.692,22.116,0.83638
494.7,500.85,24.122,23.396,0.22516
836.73,487.71,11.173,9.5475,-1.1789
423.2,501.08,24.003,22.927,0.60795
774.38,491.72,11.32,10.328,-1.139
707.97,495.09,11.645,10.766,-0.9407
638.49,497.77,11.703,11.304,-0.80331
224.41,497.56,11.049,9.4024,1.1461
287.21,499.49,11.46,10.211,1.1031
567.03,499.79,11.732,11.477,-0.40925
353.66,500.69,11.582,10.84,1.0452
423.24,501.31,11.689,11.293,0.74719
494.74,500.99,11.823,11.414,0.028302
832.85,552.8,22.427,18.706,-0.99114
771.29,558.09,22.902,19.969,-0.8705
230.02,562.28,22.384,18.754,0.95394
705.88,562.59,23.214,21.097,-0.71216
833.14,552.8,10.904,9.042,-1.0092
291.82,565.63,22.837,20.074,0.8408
637.57,566.02,23.501,21.93,-0.48411
357.46,568.01,23.289,21.28,0.6638
567.3,568.31,23.673,22.361,-0.26604
425.96,569.25,23.547,21.943,0.43518
496.36,569.45,23.669,22.408,0.13936
771.49,558.29,11.286,9.705,-0.88379
230,562.42,10.986,9.1417,0.99506
706.07,562.65,11.317,10.315,-0.82175
291.77,565.72,11.084,9.9232,0.89151
637.64,566.11,11.398,10.83,-0.65984
357.48,568.04,11.38,10.376,0.82005
567.37,568.39,11.551,10.858,-0.13003
425.93,569.35,11.408,10.669,0.45992
496.35,569.69,11.583,10.968,0.23604
