-0.78495,218.71,13.933,8.7823,1.5474
1.6543,264.04,15.075,10.555,1.4103
6.95,308.89,15.093,10.779,1.2802
0.25254,433.89,13.415,8.643,1.1096
1018.3,340.09,15.636,10.799,-1.2714
1023.5,464.04,14.595,9.583,-0.98779
1022.4,464.72,5.7192,3.7115,-1.2059
381.76,148.94,19.119,18.867,-0.55491
439.38,148.6,19.552,18.995,-0.10661
497.99,149.01,19.697,19.078,0.010676
557.05,150.5,19.585,19.054,0.15248
325.78,150.27,18.719,18.267,-1.1295
272.09,152.24,18.356,17.476,-1.3326
615.45,152.77,19.373,19.018,0.34537
672.7,155.88,19.069,18.732,0.91839
439.42,148.42,9.5127,9.3067,-0.017795
381.76,148.87,9.2536,9.0942,-0.40611
498.15,148.98,9.5851,9.1499,-0.019818
325.77,150.03,9.0449,8.9973,-0.46582
557.07,150.44,9.4725,9.3944,0.024827
728.09,159.82,18.744,18.045,1.2343
272.1,152.14,9.061,8.4295,-1.2945
615.47,152.76,9.444,9.2471,0.22813
781.27,164.42,18.38,17.233,1.3377
672.77,155.86,9.2683,9.0538,0.8265
728.24,159.83,9.0951,8.7048,1.4051
781.35,164.4,8.8875,8.453,1.1965
439.03,205.29,19.225,18.809,0.29711
326.73,205.76,18.527,18.117,1.3189
382.07,205.28,18.911,18.624,0.37248
497.18,205.96,19.508,19.007,0.067415
555.45,207.36,19.464,18.884,0.11698
273.47,206.92,18.182,17.388,1.3855
613.26,209.44,19.078,18.749,0.094555
670.05,212.11,18.791,18.612,-1.3457
381.96,205.14,9.1967,9.026,0.65838
439.1,205.17,9.3877,9.1273,0.28944
326.69,205.79,8.8929,8.859,0.86751
497.18,205.99,9.4545,9.1704,0.030984
724.87,215.23,18.454,18,-1.4991
273.35,206.84,8.7832,8.4409,1.4145
555.43,207.27,9.4882,9.1652,0.21733
613.33,209.32,9.3347,9.0873,-0.18419
777.52,218.94,18.213,17.119,-1.526
669.94,212.05,9.1636,9.0022,1.0097
725.02,215.18,9.0048,8.6722,-0.99721
777.62,218.78,8.9502,8.2888,-1.4821
328.35,260.51,18.311,17.612,1.0424
383.04,260.55,18.725,18.209,0.65153
275.84,260.73,17.986,17.007,1.1416
439.11,261.1,19.001,18.383,0.23779
496.25,262.05,19.226,18.391,0.14224
553.74,263.41,19.102,18.603,-0.057302
610.76,265.22,18.902,18.45,-0.084171
666.63,267.32,18.57,18.141,-0.69701
275.77,260.7,8.6387,8.1512,1.1939
328.35,260.49,8.8589,8.6254,1.0906
382.97,260.55,9.0438,8.7018,0.16669
439.02,261.1,9.1748,9.0495,0.81875
720.82,269.85,18.257,17.594,-0.97888
496.35,262.08,9.3822,8.981,0.11319
553.78,263.4,9.2353,8.9651,0.010485
772.83,272.49,17.9,16.834,-1.1354
610.82,265.14,9.102,8.8755,-0.07966
666.81,267.44,9.1046,8.7021,-0.46338
721.08,269.89,8.9005,8.4902,-1.1951
772.95,272.55,8.7211,8.0962,-1.2069
278.81,313.34,17.851,16.536,0.917
330.48,313.78,18.129,17.094,0.72438
384.18,314.49,18.412,17.43,0.51569
439.37,315.49,18.729,17.676,0.27974
495.45,316.75,18.77,17.981,0.19988
551.94,317.95,18.755,17.913,-0.10318
607.89,319.45,18.519,17.68,-0.28028
662.81,321.17,18.284,17.463,-0.53405
278.8,313.39,8.6708,7.9545,1.0385
330.42,313.78,8.721,8.3318,0.7131
384.22,314.54,8.8511,8.4591,0.66912
716.14,322.97,17.882,16.977,-0.66681
439.52,315.48,9.0489,8.6461,0.30689
495.62,316.63,9.1042,8.6962,0.11751
767.36,324.9,17.678,16.264,-0.9585
551.91,318.01,9.1201,8.7529,0.029135
607.87,319.37,9.0712,8.5634,-0.31015
662.9,321.29,8.9591,8.4816,-0.36915
716.22,322.88,8.6719,8.1353,-0.71796
767.43,324.91,8.4718,7.9283,-0.92538
1018.5,340.1,6.3163,4.6169,-1.3571
13.971,352.7,14.931,10.421,1.2264
282.49,364.24,17.473,15.723,0.78015
333.35,365.36,17.832,16.243,0.56612
385.9,366.65,18.086,16.748,0.43147
439.9,367.99,18.333,17.07,0.316
494.79,369.2,18.347,17.153,0.16937
549.97,370.63,18.299,17.293,-0.030319
604.83,371.84,18.24,17.182,-0.25453
282.54,364.11,8.4163,7.769,0.88548
658.56,373.02,17.909,16.85,-0.49036
333.26,365.25,8.5657,8.0345,0.52801
710.97,374.3,17.687,16.286,-0.68968
385.88,366.65,8.7338,8.2308,0.46517
761.29,375.39,17.409,15.669,-0.78967
439.99,367.94,9.0208,8.2487,0.21245
494.82,369.3,8.8967,8.4056,0.099205
550.05,370.71,8.9636,8.4917,0.050012
604.79,371.76,8.9363,8.4261,-0.34684
658.61,373.01,8.6559,8.133,-0.39422
711.03,374.28,8.6629,7.9375,-0.73208
761.48,375.34,8.3695,7.523,-0.82699
1010.3,383.68,15.349,10.71,-1.1641
1010.2,383.87,6.3096,4.8266,-1.2223
21.682,395.22,14.585,10.127,1.1422
286.77,412.79,17.099,15.027,0.71417
336.51,414.68,17.474,15.498,0.55991
387.9,416.37,17.669,15.966,0.46176
440.72,418.01,17.953,16.142,0.26274
494.3,419.48,17.84,16.373,0.16744
286.81,412.89,8.3857,7.4331,0.77027
548.17,420.88,17.804,16.236,-0.032249
601.66,421.88,17.808,16.159,-0.17351
336.45,414.81,8.6105,7.5821,0.58822
654.22,422.7,17.611,15.796,-0.39046
705.38,423.25,17.307,15.418,-0.57956
754.78,423.7,17.065,14.893,-0.71227
387.94,416.55,8.5022,7.7259,0.4636
440.63,418.14,8.5909,7.9548,0.19969
494.33,419.68,8.6054,7.9453,0.011648
1001.3,425.94,15.148,10.322,-1.0719
548.2,420.89,8.6483,8.0222,-0.2029
601.59,422.02,8.5061,8.0192,-0.15244
654.27,422.87,8.5842,7.8498,-0.39338
705.5,423.45,8.538,7.455,-0.54961
754.78,423.94,8.3274,7.2849,-0.69282
1001.2,426.02,6.5366,4.6777,-1.0755
30.163,436.12,14.301,9.6113,1.042
291.39,459.17,16.681,14.19,0.63835
340.07,461.66,16.987,14.754,0.50495
390.09,463.64,17.192,15.134,0.33416
441.66,465.55,17.362,15.35,0.27964
291.37,459.33,8.1393,6.9814,0.71556
493.81,467.09,17.395,15.431,0.1034
546.24,468.25,17.449,15.424,-0.070909
991.53,466.41,14.941,9.8303,-1.0007
339.95,461.7,8.3102,7.1661,0.48575
598.25,469.07,17.332,15.208,-0.17647
649.51,469.53,17.119,14.919,-0.36767
699.48,469.8,16.987,14.52,-0.46387
747.77,469.49,16.643,14.014,-0.56216
390.22,463.71,8.4044,7.2958,0.32852
441.63,465.58,8.3217,7.5597,0.13694
493.88,467.22,8.3151,7.6668,0.10422
546.18,468.32,8.5001,7.5429,-0.054745
991.8,466.38,6.388,4.3022,-0.95396
598.32,469.23,8.3634,7.5777,-0.099968
649.64,469.56,8.2978,7.2889,-0.4287
699.66,469.8,8.1965,7.0776,-0.4972
747.95,469.66,8.1838,6.918,-0.63777
